3,2
3,1
3,3
10,101
10,151
10,201
10,291
10,153
10,235
10,257
10,315
11,26
11,21
11,17
11,18
11,5
8,13
8,15
8,17
12,1
12,3
112,2
112,1
112,0
20,2
20,1
111,4
20,3
111,3
111,2
111,1
111,0
110,5
110,4
110,3
110,2
110,1
110,0
109,4
109,3
109,2
109,1
109,0
108,4
108,3
108,2
108,1
108,0
107,10
107,9
107,8
107,7
107,6
107,5
19,2
107,4
19,1
107,3
19,3
107,2
107,1
107,0
99,2
99,1
99,0
98,11
98,10
98,9
98,8
98,7
98,6
98,5
98,4
98,3
98,2
98,1
98,0
97,3
97,2
97,1
97,0
96,3
96,2
96,1
96,0
95,3
95,2
95,1
95,0
94,3
94,2
94,1
94,0
93,3
93,2
93,1
78,8
78,7
78,6
78,5
78,4
78,1
76,11
76,10
76,9
76,1
35,78
35,77
35,76
35,75
35,74
35,73
35,72
35,71
35,70
35,69
35,68
35,67
35,66
35,65
35,64
35,39
35,38
35,1
18,1
